54
 37
  28
   13
    4
     2
      0
       1
      3
     9
      5
       7
        8
      11
       10
       12
    22
     18
      15
       14
       16
        17
      20
       19
       21
     25
      24
       23
      27
       26
   34
    31
     29
      30
     32
      33
    35
     36
  47
   44
    41
     39
      38
      40
     43
      42
    45
     46
   52
    49
     48
     51
      50
    53
 73
  63
   58
    56
     55
     57
    61
     59
     62
   68
    66
     65
      64
     67
    71
     70
      69
     72
  88
   82
    78
     75
      74
      77
       76
     80
      79
      81
    84
     83
     86
      85
      87
   93
    91
     90
      89
     92
    98
     95
      94
      97
       96
     99
      100
