345
 105
  12
   6
    0
     2
      1
      5
       4
        3
    9
     8
      7
     11
      10
   69
    32
     23
      20
       17
        14
         13
         16
          15
        19
         18
       22
        21
      26
       24
        25
       30
        27
         28
          29
        31
     50
      42
       35
        33
         34
        39
         37
          36
          38
         41
          40
       48
        44
         43
         46
          45
          47
        49
      66
       63
        53
         51
          52
         56
          55
           54
          61
           57
            60
             59
              58
           62
        65
         64
       68
        67
    71
     70
     95
      78
       76
        74
         72
          73
         75
        77
       82
        80
         79
         81
        90
         86
          84
           83
           85
          89
           88
            87
         91
          94
           92
            93
      97
       96
       102
        99
         98
         100
          101
        103
         104
  297
   148
    145
     126
      109
       106
        108
         107
       111
        110
        119
         115
          112
           114
            113
          116
           118
            117
         122
          121
           120
          123
           125
            124
      127
       131
        129
         128
         130
        144
         143
          140
           135
            132
             133
              134
            137
             136
             138
              139
           141
            142
     146
      147
    231
     211
      203
       162
        156
         152
          149
           151
            150
          154
           153
           155
         157
          161
           159
            158
            160
        201
         198
          165
           164
            163
           168
            166
             167
            192
             188
              175
               173
                169
                 171
                  170
                  172
                174
               185
                184
                 182
                  178
                   176
                    177
                   179
                    180
                     181
                  183
                187
                 186
              189
               191
                190
             195
              194
               193
              196
               197
          200
           199
         202
       210
        205
         204
         209
          207
           206
           208
      226
       224
        220
         216
          212
           214
            213
            215
          217
           218
            219
         223
          222
           221
        225
       228
        227
        230
         229
     261
      245
       236
        233
         232
         235
          234
        243
         240
          237
           238
            239
          242
           241
         244
       251
        248
         247
          246
         250
          249
        253
         252
         258
          257
           256
            254
             255
          260
           259
      278
       262
        274
         264
          263
          271
           268
            267
             266
              265
            269
             270
           272
            273
         276
          275
          277
       281
        280
         279
        287
         283
          282
          286
           285
            284
         288
          295
           294
            290
             289
             292
              291
              293
           296
   309
    305
     299
      298
      302
       300
        301
       303
        304
     308
      307
       306
    310
     320
      314
       311
        313
         312
       315
        319
         317
          316
          318
      343
       338
        331
         326
          323
           321
            322
           325
            324
          329
           328
            327
           330
         333
          332
          335
           334
           337
            336
        339
         342
          340
           341
       344
 825
  631
   562
    383
     379
      367
       351
        349
         347
          346
          348
         350
        361
         360
          356
           355
            352
             354
              353
           359
            357
             358
         362
          365
           364
            363
           366
       377
        373
         371
          368
           369
            370
          372
         374
          375
           376
        378
      382
       381
        380
     514
      501
       495
        418
         417
          393
           387
            384
             386
              385
            389
             388
             391
              390
              392
           414
            400
             395
              394
              397
               396
               399
                398
             407
              401
               402
                403
                 406
                  404
                   405
              408
               410
                409
                413
                 412
                  411
            415
             416
         450
          420
           419
           432
            427
             424
              421
               423
                422
              425
               426
             429
              428
              430
               431
            439
             437
              433
               436
                435
                 434
              438
             441
              440
              443
               442
               447
                444
                 445
                  446
                449
                 448
          482
           475
            473
             471
              462
               452
                451
                461
                 455
                  453
                   454
                  456
                   460
                    458
                     457
                     459
               463
                467
                 464
                  465
                   466
                 470
                  469
                   468
              472
             474
            476
             479
              477
               478
              481
               480
           487
            484
             483
             486
              485
            491
             490
              488
               489
             494
              492
               493
        498
         496
          497
         499
          500
       505
        504
         503
          502
        508
         507
          506
         511
          509
           510
          512
           513
      519
       518
        516
         515
         517
       538
        531
         523
          520
           522
            521
          527
           524
            526
             525
           530
            528
             529
         536
          535
           534
            533
             532
          537
        558
         547
          546
           541
            540
             539
            543
             542
             545
              544
          555
           550
            549
             548
            551
             552
              554
               553
           557
            556
         560
          559
          561
    585
     567
      563
       565
        564
        566
      568
       573
        569
         572
          571
           570
        580
         577
          574
           575
            576
          579
           578
         584
          583
           581
            582
     596
      592
       591
        587
         586
         588
          589
           590
       595
        593
         594
      622
       601
        598
         597
         600
          599
        621
         607
          606
           604
            602
             603
            605
          619
           612
            610
             609
              608
             611
            617
             616
              613
               614
                615
             618
           620
       624
        623
        630
         627
          625
           626
          628
           629
   737
    639
     632
      638
       633
        634
         635
          637
           636
     731
      676
       663
        661
         649
          645
           643
            640
             641
              642
            644
           647
            646
            648
          655
           650
            654
             652
              651
              653
           660
            656
             658
              657
              659
         662
        665
         664
         674
          671
           667
            666
            668
             670
              669
           673
            672
          675
       716
        707
         691
          679
           677
            678
           684
            682
             681
              680
             683
            686
             685
             687
              689
               688
               690
          699
           693
            692
            694
             697
              695
               696
              698
           705
            704
             700
              702
               701
               703
            706
         714
          710
           709
            708
           711
            713
             712
          715
        718
         717
         726
          725
           719
            722
             721
              720
             724
              723
          730
           727
            728
             729
      736
       732
        733
         735
          734
    749
     739
      738
      748
       743
        741
         740
         742
        746
         745
          744
         747
     795
      759
       752
        751
         750
        756
         755
          754
           753
         758
          757
       773
        762
         761
          760
         763
          766
           765
            764
           772
            770
             768
              767
              769
             771
        785
         782
          774
           780
            776
             775
             778
              777
              779
            781
          783
           784
         794
          788
           787
            786
           792
            791
             790
              789
            793
      824
       809
        799
         798
          797
           796
         806
          805
           804
            803
             802
              801
               800
          808
           807
        810
         823
          813
           811
            812
           820
            816
             815
              814
             817
              819
               818
            821
             822
  902
   867
    837
     827
      826
      828
       832
        831
         829
          830
        836
         835
          833
           834
     849
      845
       843
        839
         838
         841
          840
          842
        844
       848
        846
         847
      864
       863
        859
         850
          855
           852
            851
            854
             853
           856
            857
             858
         861
          860
          862
       866
        865
    885
     868
      882
       869
        877
         872
          870
           871
          876
           873
            874
             875
         881
          880
           878
            879
       884
        883
     892
      888
       886
        887
       891
        890
         889
      894
       893
       900
        899
         895
          898
           897
            896
        901
   999
    951
     926
      919
       907
        906
         905
          903
           904
        918
         917
          910
           909
            908
           913
            911
             912
            916
             914
              915
       920
        923
         921
          922
         925
          924
      937
       930
        928
         927
         929
        936
         932
          931
          935
           933
            934
       950
        949
         938
          948
           941
            939
             940
            947
             944
              942
               943
              945
               946
     980
      953
       952
       962
        957
         955
          954
          956
         958
          961
           960
            959
        978
         964
          963
          966
           965
           973
            972
             968
              967
              970
               969
               971
            976
             975
              974
             977
         979
      982
       981
       994
        992
         983
          987
           985
            984
            986
           991
            989
             988
             990
         993
        996
         995
         998
          997
    1000
